00000000000000000000000000010011
11111111110001001010001100000011
00000000011001001010010000100011
00000000011000101110001000110011
00000000010000100000110001100011
00000000000000000000000000010011
00000000000000000000000000010011
00000000000000000000000000010011
00000000000000000000000000010011
00000000000000000000000000010011
00000000011000101110001000110011
00000001000100101000011000010011
00000001000111010000001110110111
01111101100111111111000101101111
00000000000000000000000000010011
00000000000000000000000000010011
